-20186.259766 -25063.671875
-20242.613281 -24959.017578
-20295.552734 -24712.878906
-20247.1875 -24465.275391
-20104.003906 -24264.386719
-19887.728516 -24124.0
-19629.337891 -24074.009766
-19377.835938 -24124.755859
-19158.074219 -24260.90625
-19017.166016 -24468.273438
-18964.935547 -24711.960938
-19016.667969 -24958.082031
-19074.207031 -25062.271484
-19778.849609 -25380.941406
-19633.208984 -25359.820312
-19893.318359 -25458.767578
-19977.615234 -25576.921875
-20004.720703 -25715.65625
-19974.15625 -25851.603516
-19896.28125 -25969.857422
-19774.005859 -26048.527344
-19630.248047 -26077.994141
-19490.123047 -26041.474609
-19367.507812 -25969.240234
-19288.84375 -25848.380859
-19252.482422 -25716.876953
-19487.585938 -25385.751953
-19368.261719 -25456.699219
-19288.994141 -25577.761719
