-18462.449219 -25263.283203
-18462.449219 -25363.283203
-18462.449219 -25066.644531
-18462.449219 -25166.644531
-18607.253906 -25066.644531
-18728.273438 -25066.644531
-18896.195312 -25066.644531
-18607.253906 -25365.384766
-18728.273438 -25365.384766
-18896.195312 -25365.384766
-19556.048828 -25066.644531
-19556.048828 -25365.384766
-19705.728516 -25066.644531
-19705.728516 -25365.384766
-20416.09375 -25066.644531
-20416.09375 -25365.384766
-20631.416016 -25066.644531
-20631.416016 -25365.384766
