-20195.074219 -25366.162109
-20241.648438 -25469.332031
-20301.25 -25713.310547
-20242.621094 -25956.412109
-20098.0 -26162.802734
-19884.414062 -26316.208984
-19627.730469 -26354.625
-19374.152344 -26305.607422
-19157.636719 -26161.091797
-19012.994141 -25954.681641
-18969.134766 -25711.855469
-19014.679688 -25468.298828
-19067.59375 -25368.501953
-19632.136719 -25069.173828
-19487.367188 -25042.164062
-19366.072266 -24968.283203
-19294.445312 -24845.917969
-19261.238281 -24711.548828
-19289.722656 -24573.892578
-19366.740234 -24459.644531
-19488.261719 -24379.703125
-19628.373047 -24355.835938
-19771.080078 -24381.798828
-19894.865234 -24463.0
-19977.755859 -24576.005859
-20007.556641 -24711.339844
-19977.294922 -24849.041016
-19896.978516 -24966.554688
-19773.556641 -25044.882812
