-17410.000 -29530.000 
-17128.291 -29544.178
-16755.148 -29529.182
-16420.764 -29451.459
-16083.829 -29323.564
-15758.034 -29099.807
-15496.470 -28726.867
-15403.058 -28390.803
-15341.364 -28044.648
-15351.746 -27662.277
-15453.144 -27294.672
-15634.799 -26968.672
-15828.645 -26707.973
-16019.989 -26470.090
-16202.476 -26241.127
-16366.749 -26016.273
-16493.070 -25801.961
-16549.027 -25626.422
-16541.703 -25428.043
-16480.154 -25192.594
-16380.806 -24933.682
-16263.536 -24642.066
-16173.288 -24279.857
-16141.297 -23940.320
-16196.006 -23535.801
-16337.914 -23192.906
-16613.451 -22856.852
-16991.064 -22662.236
-17333.281 -22581.189
-17672.768 -22544.930
-18027.729 -22554.088
-18355.039 -22608.654
-18689.947 -22699.006
-19042.377 -22873.461
-19352.406 -23220.818
-19475.842 -23596.209
-19519.021 -23942.822
-19519.039 -24284.240
-19475.057 -24632.182
-19333.201 -25025.445
-19057.102 -25332.018
-18796.004 -25527.498
-18591.965 -25685.582
-18501.953 -25797.338
-18454.689 -25997.773
-18443.934 -26247.533
-18463.545 -26512.254
-18508.148 -26776.229
-18556.451 -26909.455
-18735.584 -27073.902
-18968.408 -27349.199
-19149.637 -27583.783
-19338.398 -27838.688
-19523.393 -28145.580
-19621.373 -28593.420
-19407.336 -29101.334
-19008.963 -29337.684
-18660.803 -29412.785
-18346.027 -29449.988
-18046.412 -29478.715
-17763.156 -29511.508
