-17410.000 -29180.000
-17010.521 -29197.746
-16615.912 -29141.904
-16238.760 -29009.723
-15923.000 -28768.436
-15767.164 -28405.412
-15689.914 -28012.814
-15716.729 -27616.697
-15869.300 -27249.596
-16103.557 -26924.590
-16355.057 -26612.297
-16599.324 -26294.717
-16808.586 -25953.453
-16903.039 -25570.039
-16841.898 -25176.234
-16704.361 -24800.221
-16560.125 -24427.076
-16496.621 -24033.029
-16530.824 -23637.764
-16697.568 -23275.695
-17004.154 -23029.627
-17390.707 -22926.445
-17789.408 -22892.012
-18185.875 -22932.555
-18574.178 -23029.305
-18920.914 -23223.320
-19110.131 -23567.924
-19169.611 -23963.146
-19161.758 -24363.566
-19078.762 -24753.316
-18833.205 -25063.000
-18511.527 -25301.396
-18224.361 -25577.049
-18107.293 -25955.170
-18098.061 -26355.426
-18146.510 -26753.398
-18280.209 -27124.373
-18567.207 -27401.369
-18811.008 -27718.162
-19051.318 -28038.900
-19244.332 -28389.104
-19220.301 -28775.939
-18902.074 -29004.404
-18510.367 -29079.879
-18111.885 -29120.789
-17713.553 -29165.041
